2

0
0.000000
5.000000
0.000000
0.000000
0.000000
0.000000
0.000000
0.000000
0.000000
0.000000
0.000000
0.000000
0.000000
0.000000
0.000000
0.000000
0.000000
0.000000
0.000000
0.000000
0.000000
45.000000
45.000000
0.000000
0.000000

1
2.000000
0.000000
0.000000
0.000000
0.000000
-20.000000
0.000000
50.000000
-45.000000
0.000000
0.000000
45.000000
0.000000
0.000000
-20.000000
0.000000
0.000000
20.000000
0.000000
0.000000
0.100000
0.000000
23.000000
20.000000
30.000000

2
4.000000
-5.000000
0.000000
0.000000
0.000000
20.000000
0.000000
-50.000000
45.000000
0.000000
0.000000
-45.000000
0.000000
-45.000000
20.000000
0.000000
0.000000
-20.000000
0.000000
0.000000
0.000000
0.000000
23.000000
30.000000
0.000000

